0 -0.9 -0.9
19 -0.8 -0.7
63 -0.815653 -0.675603
80 -0.810902 -0.836525
96 -0.713909 -0.676625
117 -0.85873 -0.679452
145 -0.85933 -0.752302
174 -0.779961 -0.806923
177 -0.867419 -0.718579
15 -0.4 -0.7
17 -0.6 -0.7
34 -0.467711 -0.818534
65 -0.493885 -0.729781
89 -0.532802 -0.796725
102 -0.441414 -0.843474
116 -0.55863 -0.889442
164 -0.590874 -0.822015
171 -0.37679 -0.703219
186 -0.509715 -0.785639
13 -0.2 -0.7
24 -0.233169 -0.866316
31 -0.28147 -0.666986
54 -0.000517935 -0.704934
61 -0.147005 -0.715958
74 -0.0733545 -0.869612
109 -0.00861785 -0.840166
121 -0.107021 -0.699377
139 -0.006836 -0.892611
182 -0.018366 -0.677161
193 -0.127018 -0.784522
9 0.2 -0.7
11 5.55112e-17 -0.7
27 0.303037 -0.854628
55 0.112292 -0.703697
75 0.0878966 -0.72161
125 0.215223 -0.748134
137 0.306023 -0.668145
146 0.0526757 -0.679834
147 0.0354144 -0.78963
192 0.0136399 -0.7541
5 0.6 -0.7
7 0.4 -0.7
38 0.655635 -0.749269
49 0.42942 -0.739145
88 0.656709 -0.684538
93 0.399669 -0.765126
138 0.488208 -0.680485
141 0.543888 -0.869287
173 0.642667 -0.689172
179 0.427391 -0.845351
194 0.53235 -0.800269
1 0.9 -0.9
3 0.8 -0.7
32 0.818416 -0.878871
35 0.895528 -0.852502
37 0.88196 -0.899832
48 -0.680465 -0.574497
50 -0.818019 -0.450824
58 -0.747938 -0.600486
130 -0.766858 -0.580875
153 -0.790062 -0.567228
30 -0.524451 -0.450186
41 -0.53361 -0.387356
45 -0.425575 -0.643345
52 -0.638208 -0.364921
82 -0.572296 -0.572906
92 -0.545985 -0.362444
133 -0.538856 -0.556665
136 -0.550398 -0.532617
144 -0.589317 -0.657241
60 -0.221372 -0.593499
77 -0.269684 -0.576962
84 -0.220293 -0.461571
85 -0.15508 -0.435688
103 -0.260516 -0.492155
111 -0.220537 -0.568348
142 -0.0645173 -0.341888
149 -0.152219 -0.345545
152 -0.0552401 -0.420467
157 -0.149618 -0.626351
196 -0.322981 -0.338483
198 -0.0294279 -0.595036
22 0.0655345 -0.562082
33 0.0325839 -0.361934
67 0.303292 -0.569503
113 0.0773226 -0.439422
188 0.0683973 -0.446706
190 0.054826 -0.539461
26 0.472164 -0.343532
97 0.477993 -0.367985
115 0.372203 -0.379662
118 0.447527 -0.405956
122 0.362329 -0.33765
160 0.452886 -0.341131
167 0.645782 -0.340842
51 0.875795 -0.520178
71 0.702539 -0.421368
131 0.868061 -0.499689
163 0.8583 -0.558969
178 0.842235 -0.556687
189 0.876508 -0.529195
64 -0.857873 -0.269322
83 -0.837878 -0.222354
87 -0.72709 -0.203713
119 -0.898795 -0.0443914
159 -0.872393 -0.305017
28 -0.45458 -0.127177
43 -0.461365 -0.169211
57 -0.495747 -0.0229709
59 -0.504316 -0.0471364
79 -0.361645 -0.164553
100 -0.482314 -0.259547
104 -0.35688 -0.0791317
127 -0.496945 -0.151328
155 -0.472674 -0.234357
66 -0.300952 -0.0953997
101 -0.0482076 -0.224338
123 -0.244899 -0.0206966
165 -0.127808 -0.061003
169 -0.138763 -0.192838
195 -0.11747 -0.310847
36 0.0594948 -0.0711084
44 0.074608 -0.0641653
47 0.0688997 -0.00303976
99 0.0361672 -0.138304
135 0.233221 -0.257069
151 0.0790093 -0.0898552
21 0.511211 -0.0826997
29 0.53299 -0.0445365
70 0.511687 -0.07551
105 0.340197 -0.312365
114 0.631864 -0.256181
176 0.341982 -0.308257
62 0.894974 -0.179374
76 0.763008 -0.120549
148 0.683152 -0.262876
180 0.859396 -0.139108
199 0.729219 -0.0163185
23 -0.893077 0.0594004
46 -0.69256 0.14331
56 -0.71636 0.129797
91 -0.887119 0.196433
98 -0.729336 0.0570965
110 -0.8663 0.0880454
162 -0.876537 0.0386064
184 -0.697566 0.00454946
185 -0.896767 0.0441269
197 -0.888788 0.146366
129 -0.47276 0.331007
156 -0.467762 0.329378
158 -0.65769 0.212003
168 -0.535844 0.0730565
183 -0.453498 0.0628546
191 -0.497156 0.303029
42 -0.29797 0.0265474
69 -0.0574753 0.0119118
120 -0.0856762 0.039977
124 -0.297363 0.228251
140 -0.116735 0.0383497
72 0.0748515 0.0288693
78 0.260977 0.232701
95 0.107823 0.175978
106 0.0834203 0.0456154
134 0.125204 0.305244
172 0.0830693 0.145613
81 0.52801 0.259144
90 0.339041 0.26686
94 0.525141 0.0522466
166 0.506348 0.183176
181 0.447673 0.0386733
25 0.692334 0.0538576
39 0.736494 0.259087
53 -0.69933 0.362692
108 -0.678502 0.4139
161 -0.69337 0.53413
86 -0.511892 0.639452
128 -0.510828 0.521235
154 -0.512499 0.423129
73 -0.119923 0.459495
132 -0.280684 0.538228
143 -0.10814 0.486548
112 0.318107 0.41864
187 0.300255 0.393991
40 0.472449 0.450824
175 0.47435 0.396921
150 0.673196 0.399582
18 -0.7 0.9
20 -0.9 0.9
16 -0.5 0.9
68 -0.499749 0.72172
107 -0.506534 0.687951
12 -0.1 0.9
14 -0.3 0.9
126 -0.28615 0.676203
8 0.3 0.9
10 0.1 0.9
6 0.5 0.9
2 0.9 0.9
4 0.7 0.9
170 0.701061 0.735028
